276262
276329
276336
276416
276511
276689
276778
276790
276952
276954
278880
278912
278968
279169
279259
279279
279284
279345
279515
279598
279685
279813
279867
279928
279932
279984
280231
280273
280319
280368
280423
280464
280500
280520
280614
280673
280753
280853
280862
280950
280977
281070
281074
281075
281317
281385
281411
282625
282631
282712
282784
282992
283074
283155
283270
283429
283608
283780
284006
284154
284213
284285
284420
284427
284484
297730
298595
298609
298633
298687
298690
298771
298773
298862
298967
299055
299144
299147
299184
299243
299584
300279
300345
300415
300418
300487
300540
300571
300600
300655
300687
300784
300800
300863
300908
301912
301918
301932
301973
302053
302137
302265
302269
302300
302347
302380
302391
302393
302737
302831
302872
302919
302925
302956
303007
303079
303201
303208
303264
303266
303291
303304
303338
303421
303499
303560
