276262  6.166897
276329  11.7065
276336  0.673924
276416  4.21279
276511  8.76604
276689  10.656495
276778  0.657529
276790  1.59535
276952  6.47731
276954  0.73329
278880  21.41921
278912  19.633223
278968  9.883003
279169  55.00551
279259  7.31293
279279  16.897099
279284  31.8164
279345  52.683661
279515  0.347662
279598  67.85899
279685  74.470953
279813  47.616706
279867  29.5636
279928  1.09603
279932  44.64153
279984  65.27506
280231  88.284052
280273  1.62778
280319  93.6371
280368  8.227303
280423  68.57333
280464  58.3428
280500  7.27397
280520  12.118483
280614  24.23566
280673  149.0631
280753  45.214597
280853  7.21388
280862  131.153913
280950  125.749586
280977  34.93267
281070  12.79458
281074  46.66011
281075  1.07213
281317  24.36288
281385  93.257128
281411  146.741527
282625  10.6752
282631  26.76917
282712  93.93239
282784  2.88326
282992  106.77136
283074  55.80083
283155  28.7327
283270  13.2713
283429  234.56794
283608  23.80896
283780  145.089802
284006  38.91892
284154  9.99866
284213  199.99072
284285  247.88597
284420  57.500046
284427  35.2553
284484  103.396857
297730  3.357087
298595  0.291281
298609  1.945918
298633  5.898674
298687  20.560749
298690  1.39702
298771  8.00089
298773  7.75704
298862  23.625135
298967  53.3871
299055  44.341563
299144  29.741
299147  23.198154
299184  91.226617
299243  5.87549
299584  220.742409
300279  5.225264
300345  4.805673
300415  88.525791
300418  5.496335
300487  119.630381
300540  174.751741
300571  140.645943
300600  48.06492
300655  228.04014
300687  321.726231
300784  7.123225
300800  273.204864
300863  325.486788
300908  211.96183
301912  6.24562
301918  19.3387
301932  352.133151
301973  461.839271
302053  376.36897
302137  196.71118
302265  101.618607
302269  56.2573
302300  385.524447
302347  194.704642
302380  104.31498
302391  126.25496
302393  502.908095
302737  79.315838
302831  15.79694
302872  641.145193
302919  61.48693
302925  127.474365
302956  333.69431
303007  15.60921
303079  101.040125
303201  91.45486
303208  531.114576
303264  30.08647
303266  269.121857
303291  168.66066
303304  475.796043
303338  515.380458
303421  481.088894
303499  421.16727
303560  324.621623
303638  462.30913
303832  94.258388
303846  490.650889
303892  459.882658
303943  468.982617
304006  148.161224
304008  473.284917
304128  552.976587
304178  426.668388
304198  158.45213
304211  125.65591
304243  358.762375
304308  28.1952
304337  411.779794
304409  95.80041
304431  143.6586
304494  56.6446
305380  315.676483
305543  187.19475
305571  18.241057
305618  307.29385
305671  25.7974
305674  18.5514
305723  277.600796
305727  68.516987
305735  124.3994
305777  319.647168
305811  272.64394
305920  258.15354
306269  158.1283
306278  390.365951
306310  390.9473
306384  197.27043
306419  90.495755
306442  30.728672
306448  104.54562
306451  330.15561
307126  27.21
307195  217.506
307259  309.368
307306  189.147
307354  83.2309
307358  386.7665
307394  363.0624
307454  491.2779
307514  200.69973
307539  75.8144
307569  336.2346
307601  306.712258
307619  68.9051
307656  443.73321
307710  79.10077
307716  220.04265
307732  543.74734
307861  297.50603
307935  415.0398
308047  483.768
308084  354.19962
309375  44.48628
309390  288.7697
309440  443.298133
309516  367.62708
309640  384.555
309674  343.78723
309759  358.826302
310015  2.17268
310247  24.704902
310249  411.584538
310341  422.19035
310370  15.4228
310405  185.8353
310468  152.678
310473  223.3487
310634  541.71968
310691  326.115
310738  395.9389
310809  382.2743
310863  115.507
310872  184.0237
310969  177.0105
311071  230.8037
311170  378.0768
311244  252.9844
311287  372.071391
311321  369.6091
311365  278.1069
311402  334.67413
311473  103.901
311481  345.0736
